973
747
895
1032
973
747
895
1032
973
747
895
1032
973
747
895
1032
973
747
895
1032
973
747
895
1032
973
747
895
1032
973
747
895
853
973
747
895
853
973
747
895
853
821658
817299
828536
48995
251813
873499
820631
817757
828505
49246
251813
873053
832203
430453
659280
43925
190493
831223
821405
49614
755743
78704
758028
349699
421041
565273
580273
745142
494487
722198
822043
733626
545619
1149387
1302405
1680434
1473454
15386
780573
1504847
1393738
1049621
1431554
1564187
1454761
1214554
1305569
1487004
