245
177
177
274
260
260
494
394
426
258
247
249
181
249
181
245
177
177
274
260
260
494
394
426
258
247
249
181
249
181
245
177
177
274
260
260
494
394
426
258
247
249
181
249
181
245
177
177
274
260
260
494
394
426
258
247
249
181
249
181
249
245
177
177
274
260
260
494
394
426
258
247
249
181
249
181
249
245
177
177
274
260
260
494
394
426
258
247
249
181
249
181
249
245
177
177
274
260
260
494
394
426
258
247
249
181
249
181
249
245
177
177
274
260
260
494
394
426
258
247
249
181
249
181
249
245
177
177
274
260
260
494
394
426
258
247
249
181
249
181
249
245
177
177
274
260
260
494
394
426
258
247
249
181
249
181
249
245
177
177
274
260
260
426
258
247
249
181
249
181
249
245
177
177
274
260
260
494
394
426
258
247
249
181
249
181
249
245
177
177
274
260
260
494
394
426
258
247
249
181
249
181
249
245
177
177
274
260
260
494
394
426
258
247
249
181
249
181
249
245
177
177
274
260
260
494
274
247
249
1103
249
245
177
177
274
260
260
494
274
247
249
1103
245
177
177
274
260
260
494
274
247
249
1103
245
177
177
274
260
260
494
274
247
249
1103
245
177
177
274
260
260
494
274
247
249
1103
245
177
177
274
260
260
494
274
247
249
1103
245
177
177
274
260
260
494
274
247
249
1103
245
177
177
274
260
260
494
274
247
824
756
245
177
177
274
260
260
494
274
247
824
756
245
177
177
274
260
260
494
274
247
824
756
2883
7888
15093
24498
61981
77744
35093
2883
7888
15093
24498
61981
77744
97918
113693
122847
138610
131998
128471
153795
163539
183248
168120
188712
201276
233120
295683
340619
354615
375785
375958
396518
399926
443541
537304
662478
744817
770561
847502
875163
933168
959912
926907
984912
818071
888038
750594
867679
694902
705485
795500
705237
822322
906430
774416
807399
280093
2883
7888
15093
24498
61981
77744
97918
113654
122836
138599
132013
128472
153768
164122
183789
168743
189223
201720
233566
296129
341065
354447
374354
374527
395932
399829
442806
536569
661743
744082
770189
846285
873946
931951
958885
925880
983885
817129
887710
751060
868067
694883
705467
795397
705130
822020
905988
773914
806876
245
177
177
274
260
260
494
2730
2762
3492
3465
3469
3403
3298
3230
245
177
177
274
260
260
494
2730
2762
3492
3465
3469
3403
3298
3230
245
498
498
274
260
260
494
2730
2762
3492
3465
3469
3403
3298
3230
245
177
177
274
260
260
494
2730
2762
3492
3465
3469
3403
3298
3230
2883
7888
15093
24498
61981
77744
97918
113654
123226
138989
132794
129102
154454
164842
184326
169308
189761
202240
234058
2883
7888
15093
24498
61981
77744
97918
113693
122817
138580
131937
128420
153772
164041
183798
168526
188614
200874
232918
295481
340417
354073
374987
375160
396648
400654
443716
537479
662653
744953
770585
846559
874259
932264
219698
858386
922229
896111
190642
775087
859091
206788
280093
347798
359998
372198
244930
886962
986819
268096
350093
433198
562981
758489
580377
504
351
437
532
520
519
753
2905
3022
3692
3661
3672
3827
3497
3655
1952
5466
7564
12616
12615
12619
7502
7504
17250
39307
102655
102659
65352
85756
284720
339448
409631
494965
464398
519169
558467
597538
612998
592200
643070
708005
708007
682137
682138
643005
665150
715780
698645
698647
698648
758482
819525
786147
860180
879680
920835
1041018
1051018
1012661
1093315
1042161
1004457
1013094
1057817
1057818
1025775
1062104
1038251
1038273
1062122
1062118
1062122
1062224
1038388
1038441
1038470
1038469
1062364
1038472
1053133
1031457
2000
5522
7672
12777
12778
12779
7838
7609
16747
39309
102259
102260
65350
85756
284323
339091
409274
494606
464046
518810
558164
597290
612694
597493
652268
722450
727201
696622
696392
657439
678759
733519
718080
717849
717850
733479
789534
758678
832709
852212
893363
1008300
1008295
983234
1043399
1018334
1008566
1033768
1098065
1098064
1049268
1113536
1064787
1064572
1113649
1113748
1113753
1113750
1064923
1064725
1064727
1064728
1113780
1064975
1076110
1054787
1081682
1092915
1107465
1161190
1231030
1297589
1378973
1427750
1680454
1623355
1908527
2060818
2220183
2379315
2442107
2601238
2663789
2663790
2663793
2442277
2470417
2442352
2442127
2601363
2821936
2991690
2929222
3124287
3186989
3124287
3061824
3061243
3282883
3346418
1985
5352
7484
12424
12425
12426
7654
7428
16942
39307
102273
102272
65352
85757
284336
339102
409279
494618
464053
518822
558146
597245
612670
597451
652222
722399
727156
696551
696318
657395
678269
733028
717564
717330
717332
732951
789006
758175
832207
851709
892860
1007795
1007794
982732
1042897
1017834
1008092
1033264
1097563
1097563
1049043
1113346
1064850
1064643
1113466
1113565
1113560
1113567
1064990
1064782
1064782
1064782
1113581
1065044
1075910
1055039
1984
5491
7626
12703
12706
12706
7784
7569
16971
39270
102361
102362
65352
85755
284458
339153
409336
494668
464106
518873
558227
597351
612755
597528
652302
722482
727236
696655
696423
657475
678717
733479
718014
717781
717780
733403
789491
758613
832640
852146
893294
1008231
1008231
983167
1043331
1018265
1008500
1033731
1098026
1098023
1049287
1113559
1064870
1064660
1113675
1113775
1113773
1113776
1065006
2918
2858
5989
10954
5882
12827
27644
40349
55254
195945
195945
186290
221556
266737
321577
311922
311674
311673
302009
327365
362638
397667
407814
412573
412573
402907
392992
418221
428365
463395
445233
461870
480501
525433
602441
647787
769722
769723
747966
824722
824723
824821
803168
781177
853987
930844
909087
887174
908108
960778
938923
954086
1010027
1032242
1074885
1021348
1082755
1183033
1259884
1259887
1238131
1259890
1259890
1238131
1237883
1259887
1238132
1259988
1238330
1260189
1260188
1260188
1260185
1260188
1238434
1216401
1163128
1241138
1241139
1241140
1263258
1263260
1263262
1241381
1263260
1241378
1187610
1187486
1187486
1241522
1284307
1306384
1328390
1328395
1306635
1306388
1284509
1306388
1328393
1306639
505
349
433
534
523
523
754
2903
3020
3689
3666
3672
3827
3500
3656
506
350
436
535
522
519
755
2904
3021
3692
3656
3668
3828
3497
3654
504
351
438
532
519
521
748
2901
3019
3692
3666
3667
3828
3497
3653
503
351
439
534
518
520
754
2903
3022
3692
3664
3670
3828
3499
3656
3136
3081
6436
11514
5998
12773
27643
40350
55252
196002
195999
186347
221611
266795
321634
311976
311727
311728
302065
327420
362692
397722
407873
412629
412627
402962
393024
418219
428350
463344
444999
461409
480267
525198
602203
647551
769485
769486
747731
824483
824486
824587
802931
780938
853750
930608
908852
886940
907871
960537
938713
953954
1009926
1032152
1074829
1021387
1082897
1183171
1260030
1260032
1238276
1260032
1260032
1238277
1238026
1260032
1238275
1260131
1238475
1260332
1260334
1260334
1260329
1260332
1238577
1216586
1163417
1241472
1241474
1241472
1263551
1263555
1263554
1241714
1263555
1241711
1188026
1187888
1187890
1241656
1284322
1306557
1328561
1328564
1306805
1306559
1284714
1306559
1328563
1306807
2946
2884
6046
11094
5971
12827
27641
40346
55254
196030
196030
186374
221641
266822
321661
312006
311756
311756
302085
327449
362722
397751
407903
412656
412657
402993
393050
418248
428383
463371
444945
461274
480213
525145
602153
647498
769433
769434
747678
824432
824435
824533
802877
780847
853660
930514
908761
886846
907753
960424
938651
953665
1009691
1031933
1074694
1020788
1082459
1182738
1259594
1259591
1237837
1259592
1259594
1237587
1237589
1259591
1237837
1259694
1238037
1259893
1259892
1259892
1259894
1259892
1238137
1216225
1162592
1240719
1240722
1240720
1262724
1262724
1262725
1240962
1262725
1240721
1186795
1186650
1186648
1240848
1283556
1305751
1327758
1327760
1305753
1305755
1283989
1305751
1327755
1306003
3003
2940
6157
11152
5686
13439
27643
40348
55253
196589
196592
186933
222200
267383
322221
312316
312317
312314
302653
328009
363280
398309
438213
443462
413216
403410
393840
419063
429110
464139
445923
462542
481226
526159
603162
648511
770445
770446
753438
830448
830446
830546
808539
747781
775242
852344
835239
816135
809162
826878
771866
782970
813800
864718
872764
816250
974836
1204769
1281874
1281874
1259764
1281875
1281872
1259768
1259869
1281975
1260218
1277175
1255519
1147474
1147477
1147476
1147475
1147476
1175266
1202184
1186875
1268728
1268729
1268727
1287259
1237212
1237214
1218927
1237210
1219027
1163930
1165210
1165210
1371755
1415021
1281609
1303614
1303617
1281610
1281610
1263429
1281610
1303613
1281859
504
348
437
533
520
522
754
2904
3021
531
502
506
436
505
504
349
437
532
519
516
757
2901
3022
505
349
436
534
520
522
755
2903
3021
502
349
435
531
521
521
756
2902
3023
3692
3663
3669
3830
3498
3655
506
349
434
534
521
522
755
2902
3017
3691
3663
3670
3827
3500
3656
3001
2943
6158
11291
5827
13190
27641
40349
55253
196477
196479
186822
222091
267268
322106
312206
312206
312205
302539
327895
363167
398196
408351
413105
413105
403438
393528
418752
428899
463926
446247
463364
481514
526447
603453
648799
770733
770733
748977
825732
825736
825836
804173
743165
770630
847733
825978
768967
764750
782326
770453
782156
812985
825331
832990
809389
870236
970513
1047367
1047366
1025611
1047369
1047365
1025364
1025364
1047366
1025611
1047467
1025814
1047667
1047666
1047667
1047669
1047667
1025909
1049061
1030349
1108439
1108440
1108439
1130480
1130483
1130481
1108437
1130483
1108440
1055267
1060628
1060631
1114271
1157092
1179134
1201137
1201137
1179136
1179138
1157332
1179135
1201137
1179384
2917
2858
5988
11039
5970
12463
27602
40349
55257
195626
195625
185972
221238
266416
321258
311605
311353
311354
301689
326964
362234
397263
407416
412168
412169
402506
392593
417816
427961
462991
444779
461366
480049
524981
601984
647331
769268
769268
747514
824267
824267
824369
802715
780644
853494
930348
908597
886684
907558
960312
938485
953520
1009493
1031712
1074396
1021024
1082324
1182603
1259457
1259459
1237702
1259458
1259460
1237704
1237454
1259457
1237703
1259558
1237902
1259760
1259758
1259761
1259757
1259758
1238002
1216010
1162501
1240553
1240551
1240554
1262634
1262637
1262631
1240794
1262635
1240553
1187178
1187043
1187041
1240928
1283751
1305795
1327795
1327799
1306041
1305791
1283954
1305794
1327795
1306044
3058
2997
6266
11375
6026
13190
27603
40349
55253
196412
196412
186752
222021
267204
322041
312387
312137
312138
302476
327803
363071
398104
408254
413008
413009
403344
393405
418601
428735
463726
446026
463086
481253
526184
603191
648538
770475
770472
748720
825477
825474
825577
803920
781967
854819
931672
909920
888004
908965
961664
939866
954584
1010584
1032812
1075577
1022212
1083118
1183398
1260250
1260251
1238495
1260252
1260255
1238496
1238247
1260251
1238494
1260355
1238693
1260551
1260553
1260551
1260549
1260551
1238798
1216844
1162764
1240854
1240856
1240857
1262897
1262900
1262898
1241097
1262899
1240856
1187481
1187334
1187335
1241145
1283969
1306045
1328051
1328056
1306299
1306049
1284246
1306050
1328052
1306300
3002
2942
6157
11264
6022
13025
27646
40348
55250
196282
196282
186626
221893
267074
321912
312259
312005
312008
302345
327701
362971
398001
408153
412906
412908
403243
393302
418500
428635
463625
445654
462441
480883
525817
602820
648167
770105
770102
748348
825104
825103
825202
803550
781636
854448
931301
909546
887634
908619
961292
939436
954212
1010158
1032370
1075053
1021741
1082957
1183235
1260088
1260091
1238333
1260089
1260088
1238335
1238086
1260091
1238336
1260190
1238535
1260389
1260392
1260390
1260391
1260390
1238633
1216603
1162707
1240722
1240721
1240721
1262838
1262843
1262842
1240961
1262841
1240961
1187395
1187250
1187249
1241123
1283984
1306020
1328032
1328033
1306279
1306028
1284149
1306026
1328033
1306279
3029
2967
6213
11290
5999
12857
27644
40348
55253
196087
196085
186430
221698
266879
321717
312059
311811
311814
302150
327503
362776
397807
407958
412712
412711
403046
393132
418361
428506
463534
445378
462022
480648
525579
602584
647930
769868
769869
748111
824865
824866
824967
803309
781319
854133
930990
909236
887321
908252
960924
939093
953997
1009968
1032196
1074873
1021794
1083117
1183393
1260248
1260250
1238493
1260249
1260246
1238495
1238244
1260247
1238492
1260349
1238692
1260549
1260547
1260549
1260551
1260549
1238794
1216802
1163084
1241130
1241136
1241133
1263215
1263218
1263219
1241374
1263216
1241374
1188037
1187879
1187889
1241499
1284317
1306358
1328362
1328366
1306612
1306362
1284518
1306360
1328364
1306610
2974
2911
6100
11067
5881
12856
27605
40349
55253
195936
195936
186279
221546
266728
321567
311911
311662
311662
301998
327327
362597
397629
407780
412534
412533
402868
392927
418123
428258
463250
445125
461758
480354
525284
602290
647639
769572
769574
747819
824574
824574
824674
803017
780986
853840
930695
908939
887028
907930
960628
938746
953846
1009760
1031962
1074606
1021002
1082255
1182530
1259387
1259388
1237632
1259389
1259387
1237631
1237383
1259389
1237631
1259487
1237834
1259688
1259689
1259686
1259689
1259689
1237931
1215866
1162516
1240488
1240491
1240490
1262650
1262653
1262654
1240730
1262653
1240730
1186870
1186714
1186718
1240811
1283556
1305714
1327720
1327721
1305962
1305718
1283795
1305716
1327718
1305965
505
351
436
534
518
520
754
2902
3019
3692
3664
3667
3827
3498
3653
3031
2968
6213
11291
5998
12716
27602
40349
55253
195907
195907
186247
221517
266697
321538
311883
311633
311633
301970
327295
362569
397600
407752
412505
412505
402840
392847
417986
428099
463012
444857
461386
480086
525018
602024
647371
769307
769305
747553
824307
824307
824406
802752
780723
853575
930430
908673
886760
907664
960365
938510
953530
1009473
1031684
1074365
1020658
1082016
1182293
1259148
1259151
1237390
1259147
1259149
1237394
1237144
1259150
1237392
1259250
1237591
1259450
1259448
1259449
1259448
1259451
1237689
1215663
1162158
1240171
1240173
1240173
1262293
1262292
1262293
1240413
1262295
1240415
1186454
1186312
1186312
1240464
1283285
1305444
1327449
1327449
1305693
1305444
1283564
1305444
1327448
1305693
505
347
437
536
520
518
754
2903
3023
3692
3665
3668
3828
3496
3655
506
348
435
534
519
522
756
2902
3019
3687
3666
3669
3824
3499
3656
3646
505
350
436
533
520
521
756
2898
3021
3692
3666
3670
3602
3497
3430
3655
505
349
435
535
521
522
750
2902
3022
3694
3666
3670
3825
3494
3654
3657
506
351
437
534
518
522
756
2903
3023
3692
3663
3666
3830
3501
3658
3656
505
350
437
532
523
521
756
2904
3022
3694
3667
3669
3830
3499
3655
3653
3657
505
670
757
534
522
522
755
2901
3021
3694
3662
3669
3826
3497
3655
3655
441
505
670
757
536
519
521
755
2905
3023
3689
3658
3671
3825
3498
3653
3656
3654
506
670
758
534
519
522
754
2903
3023
3690
3666
3671
3828
3495
3651
3654
3654
505
671
760
534
516
523
756
2900
3023
3692
3667
3668
3829
3497
3655
3653
3657
505
670
758
535
521
520
755
2904
3025
3691
3665
3669
3827
3499
3655
3652
3658
505
348
438
534
520
521
754
2903
3021
3691
3665
3669
3829
3500
3655
3653
3654
506
350
438
536
521
521
754
2904
3023
3694
3665
3671
3828
3499
3654
3653
3655
504
348
435
532
519
521
756
2905
3022
3691
3667
3669
3828
3498
3655
3654
3655
3058
2998
6266
13308
7732
13218
27644
40350
55257
198410
198412
188755
224025
269201
324040
314137
314385
314384
304476
341000
391874
446644
470703
475954
450957
448850
436234
481193
505499
575870
533334
557826
604264
699443
771197
816544
938481
938478
921473
998474
998481
998581
976574
1020637
1088342
1115446
1098338
1079135
3001
2942
6155
13442
7982
12939
27645
40350
55252
198382
198381
188724
223995
269174
324014
314109
314359
314353
304447
340917
391787
446559
470622
475868
450870
448765
436123
481052
505350
575679
532903
556919
603601
698779
770535
815877
937815
937813
920810
997816
997815
997915
975908
1020045
1087754
1114858
1097754
1078546
1119762
1157559
1122121
1138935
1195063
1226285
1230428
1176405
1327780
1557713
1634819
1634818
1612712
1634816
1634820
1612713
1613061
1634919
1617809
1635019
1742911
1635120
1635117
1635115
1635117
1635119
1662910
1649727
1603816
1682148
1678486
1678487
1700534
1650734
1650733
1628688
1650736
1628689
1578858
1579408
1579429
1784142
1893231
1760150
1781904
1781907
1759900
1760148
1737856
1760148
1781904
1889694
2973
2912
6100
13334
7927
13192
27567
40349
55253
198501
198496
188843
224115
269293
324130
314227
314475
314473
304562
341063
391934
446702
470768
476017
451020
448909
436186
481031
505293
575509
533239
557701
603834
699016
770769
816114
938051
938051
921043
998050
998051
998152
976144
1020090
1087875
1114976
1097871
1078666
1119796
1157565
1122016
1138530
1194518
1225657
1229802
1175884
1326891
1556821
1633928
1633928
1611822
1633926
1633927
1611822
1612175
1634027
1616921
1634128
1742020
1634228
1634226
1634227
1634227
1634226
1662019
1648646
1602422
1680566
1676901
1676898
1699141
1649343
1649342
1627102
1649344
1627102
1577469
1578111
1578127
1782639
1891652
1758765
1780519
1780521
1758514
1758765
1736276
1758765
1780520
1888312
2946
2886
6046
13108
7757
13163
27643
40349
55251
198382
198384
188722
223996
269172
324013
314103
314358
314357
304448
2974
2913
6100
13308
7900
12687
27606
40349
55255
198005
198007
188350
223619
268798
323637
313735
313735
313732
304068
340540
391413
442044
466348
501348
501349
477044
465771
504897
532201
598393
555219
578033
613761
688691
735698
781045
902978
902981
885972
962981
962981
963082
941074
985020
1032761
1079868
1062762
1043555
1073822
1123316
1088034
1104380
1154596
1186055
1209459
1153576
1306048
1535979
1613086
1613085
1590981
1613085
1613085
1590980
1591080
1613185
1596177
1613386
1721278
1613485
1613485
1613484
1613486
1613480
1641276
1648019
1594149
1675826
1675925
1676024
1744181
1744182
1744285
1676123
1744385
1676124
1621516
1622892
1622893
1828752
1995597
1912598
1884699
1884702
1912599
1912601
1844340
1912699
1884802
1992595
3000
2940
6154
13056
7590
12743
27643
40348
55253
197795
197795
188139
223404
268586
323426
313520
313519
313519
303854
340414
391284
441916
466219
501220
501219
476913
465532
504543
531841
597919
554919
577788
613533
688467
735472
780820
902757
902755
885747
962754
962755
962855
940850
984872
1032578
1079682
1062574
1043368
1073751
1123161
1087904
1104243
1154484
1185959
1209323
1153122
1305497
1535429
1612535
1612538
1590430
1612536
1612536
1590433
1590530
1612635
1595630
1612833
1720729
1612933
1612938
1612936
1612936
1612935
1640727
1647509
1593448
1675164
1675263
1675363
1743482
1743485
1743581
1675456
1743684
1675464
1620793
1622431
1622432
1828355
1995357
1912315
1884421
1884422
1912318
1912318
1844096
1912415
1884522
1992316
3141
503
350
438
532
522
522
754
2904
3023
3691
3667
3670
3603
3499
3430
3431
3653
256025
574805
259005
1201632
1670640
2245031
1929037
2297028
2776075
3143738
3152073
3519826
3160175
3157141
3380897
3385737
3604410
3385908
3394163
3399178
3653128
4021266
4293412
4326445
4381325
4381493
4389598
4386562
4639884
4997905
5466672
5320295
5328394
5642440
5789061
5894679
5799450
6373836
6268461
6373836
5832680
6071793
5831554
5884333
6251994
6142721
5916295
5936945
6251830
5892751
6252413
6142803
5917747
6156446
6252573
6510960
6619990
6731626
6826956
6731724
6826959
6716203
7290592
6974598
7084209
6974467
6721410
6940126
7074397
6940014
7038900
7185529
7290902
7074736
6975299
6722019
6975274
6749091
6989484
7085674
6989646
6749486
6976385
7085843
7197099
7101140
7156537
7470616
7949726
7839338
7949726
7838962
7729778
7504400
7729416
7476317
7729563
7839456
7729765
7476349
7695379
574803
259006
1201632
1670643
1670397
1481814
1849568
1489946
1486902
260333
29463
1551912
312313
446321
1426839
55174
1481998
31732
1532707
334062
467402
614186
1081953
1516967
1695719
782209
2213339
2070567
1821574
1267442
1767507
1337604
1358294
1805476
1338486
558723
1520481
481
422
504
349
436
532
519
522
750
2903
3022
3692
3663
3670
3829
3499
3652
3429
3656
505
347
435
534
519
521
755
2904
3020
3693
3666
3668
3828
3499
3657
3432
3658
505
348
432
534
520
521
756
2902
3022
3692
3664
3664
3827
3491
3656
3430
3656
506
351
435
534
521
522
756
2905
3024
3690
3666
3667
3827
3494
3653
3429
3653
505
351
437
533
520
521
756
2903
3020
3691
3665
3672
3829
3498
3656
3431
3656
506
348
436
535
522
519
756
2902
3021
3692
3664
3669
3827
3497
3650
3431
3656
505
349
437
533
518
522
755
2904
3021
3694
3665
3670
3827
3497
3654
3429
3654
503
350
437
533
520
520
754
2901
3023
3695
3665
3671
3829
3500
3655
3429
3654
503
504
669
757
533
518
520
754
2905
3022
3690
3663
3671
3827
3499
3655
3430
3653
506
669
756
534
519
521
755
2902
3022
3692
3666
3665
3827
3497
3654
3428
3656
364
506
670
758
534
518
521
755
2900
3021
3692
3666
3666
3823
3497
3652
3430
3653
504
350
436
535
519
519
757
2901
3021
3693
3665
3672
3827
3498
3655
3430
3652
